0,-0.83907,-0.54402,-0.5,0.0010712,-0.0016889,0.0005
0.02,-0.84978,-0.52713,-0.505,0.0010393,-0.0017134,0.000501
0.04,-0.86016,-0.51003,-0.51,0.0010068,-0.0017373,0.00050201
0.06,-0.87018,-0.49273,-0.515,0.00097383,-0.0017607,0.00050302
0.08,-0.87986,-0.47523,-0.52,0.00094032,-0.0017834,0.00050403
0.1,-0.88919,-0.45754,-0.525,0.00090629,-0.0018055,0.00050505
0.12,-0.89816,-0.43966,-0.53,0.00087176,-0.0018269,0.00050607
0.14,-0.90678,-0.42161,-0.535,0.00083675,-0.0018477,0.0005071
0.16,-0.91503,-0.40339,-0.54,0.00080125,-0.0018679,0.00050813
0.18,-0.92291,-0.38501,-0.545,0.00076529,-0.0018874,0.00050916
0.2,-0.93043,-0.36648,-0.55,0.00072888,-0.0019062,0.0005102
0.22,-0.93757,-0.3478,-0.555,0.00069202,-0.0019243,0.00051125
0.24,-0.94434,-0.32898,-0.56,0.00065474,-0.0019417,0.0005123
0.26,-0.95073,-0.31003,-0.565,0.00061704,-0.0019584,0.00051335
0.28,-0.95674,-0.29095,-0.57,0.00057894,-0.0019745,0.0005144
0.3,-0.96236,-0.27176,-0.575,0.00054045,-0.0019897,0.00051546
0.32,-0.96761,-0.25246,-0.58,0.00050159,-0.0020043,0.00051653
0.34,-0.97246,-0.23306,-0.585,0.00046236,-0.0020181,0.0005176
0.36,-0.97693,-0.21356,-0.59,0.00042278,-0.0020311,0.00051867
0.38,-0.981,-0.19398,-0.595,0.00038287,-0.0020434,0.00051975
0.4,-0.98469,-0.17433,-0.6,0.00034264,-0.0020549,0.00052083
0.42,-0.98798,-0.1546,-0.605,0.00030211,-0.0020657,0.00052192
0.44,-0.99087,-0.13481,-0.61,0.00026128,-0.0020756,0.00052301
0.46,-0.99337,-0.11497,-0.615,0.00022018,-0.0020848,0.00052411
0.48,-0.99547,-0.095078,-0.62,0.00017882,-0.0020932,0.00052521
0.5,-0.99717,-0.075151,-0.625,0.00013721,-0.0021008,0.00052632
0.52,-0.99848,-0.055194,-0.63,9.5371e-05,-0.0021075,0.00052743
0.54,-0.99938,-0.035215,-0.635,5.3317e-05,-0.0021135,0.00052854
0.56,-0.99988,-0.015221,-0.64,1.1063e-05,-0.0021186,0.00052966
0.58,-0.99999,0.0047779,-0.645,-3.1374e-05,-0.0021229,0.00053079
0.6,-0.99969,0.024775,-0.65,-7.398e-05,-0.0021263,0.00053191
0.62,-0.999,0.044763,-0.655,-0.00011674,-0.002129,0.00053305
0.64,-0.9979,0.064733,-0.66,-0.00015963,-0.0021307,0.00053419
0.66,-0.99641,0.084676,-0.665,-0.00020264,-0.0021317,0.00053533
0.68,-0.99452,0.10459,-0.67,-0.00024576,-0.0021318,0.00053648
0.7,-0.99223,0.12445,-0.675,-0.00028896,-0.002131,0.00053763
0.72,-0.98954,0.14427,-0.68,-0.00033224,-0.0021294,0.00053879
0.74,-0.98645,0.16403,-0.685,-0.00037556,-0.0021269,0.00053996
0.76,-0.98298,0.18373,-0.69,-0.00041893,-0.0021235,0.00054113
0.78,-0.97911,0.20335,-0.695,-0.00046231,-0.0021193,0.0005423
0.8,-0.97484,0.22289,-0.7,-0.0005057,-0.0021142,0.00054348
0.82,-0.97019,0.24234,-0.705,-0.00054908,-0.0021083,0.00054466
0.84,-0.96515,0.26169,-0.71,-0.00059242,-0.0021015,0.00054585
0.86,-0.95972,0.28094,-0.715,-0.00063572,-0.0020938,0.00054705
0.88,-0.95391,0.30008,-0.72,-0.00067895,-0.0020852,0.00054825
0.9,-0.94772,0.3191,-0.725,-0.0007221,-0.0020758,0.00054945
0.92,-0.94115,0.33799,-0.73,-0.00076515,-0.0020654,0.00055066
0.94,-0.9342,0.35674,-0.735,-0.00080808,-0.0020542,0.00055188
0.96,-0.92688,0.37535,-0.74,-0.00085088,-0.0020422,0.0005531
0.98,-0.91919,0.39381,-0.745,-0.00089353,-0.0020292,0.00055432
1,-0.91113,0.41212,-0.75,-0.000936,-0.0020154,0.00055556
1.02,-0.90271,0.43026,-0.755,-0.0009783,-0.0020008,0.00055679
1.04,-0.89392,0.44822,-0.76,-0.0010204,-0.0019852,0.00055804
1.06,-0.88478,0.46601,-0.765,-0.0010623,-0.0019688,0.00055928
1.08,-0.87528,0.48361,-0.77,-0.0011039,-0.0019515,0.00056054
1.1,-0.86544,0.50102,-0.775,-0.0011453,-0.0019334,0.0005618
1.12,-0.85524,0.51823,-0.78,-0.0011864,-0.0019144,0.00056306
1.14,-0.84471,0.53523,-0.785,-0.0012272,-0.0018946,0.00056433
1.16,-0.83383,0.55201,-0.79,-0.0012677,-0.0018739,0.00056561
1.18,-0.82263,0.56858,-0.795,-0.0013079,-0.0018524,0.00056689
1.2,-0.81109,0.58492,-0.8,-0.0013477,-0.00183,0.00056818
1.22,-0.79923,0.60102,-0.805,-0.0013872,-0.0018068,0.00056948
1.24,-0.78705,0.61688,-0.81,-0.0014263,-0.0017827,0.00057078
1.26,-0.77456,0.6325,-0.815,-0.001465,-0.0017579,0.00057208
1.28,-0.76176,0.64786,-0.82,-0.0015033,-0.0017322,0.00057339
1.3,-0.74865,0.66297,-0.825,-0.0015412,-0.0017057,0.00057471
1.32,-0.73524,0.67781,-0.83,-0.0015786,-0.0016784,0.00057604
1.34,-0.72154,0.69238,-0.835,-0.0016156,-0.0016503,0.00057737
1.36,-0.70755,0.70667,-0.84,-0.0016521,-0.0016214,0.0005787
1.38,-0.69327,0.72068,-0.845,-0.0016881,-0.0015917,0.00058005
1.4,-0.67872,0.7344,-0.85,-0.0017236,-0.0015612,0.0005814
1.42,-0.6639,0.74782,-0.855,-0.0017585,-0.00153,0.00058275
1.44,-0.64881,0.76095,-0.86,-0.001793,-0.001498,0.00058411
1.46,-0.63346,0.77377,-0.865,-0.0018268,-0.0014653,0.00058548
1.48,-0.61786,0.78629,-0.87,-0.0018601,-0.0014318,0.00058685
1.5,-0.60201,0.79849,-0.875,-0.0018928,-0.0013976,0.00058824
1.52,-0.58592,0.81037,-0.88,-0.0019249,-0.0013627,0.00058962
1.54,-0.5696,0.82192,-0.885,-0.0019564,-0.0013271,0.00059102
1.56,-0.55305,0.83315,-0.89,-0.0019873,-0.0012907,0.00059242
1.58,-0.53628,0.84404,-0.895,-0.0020175,-0.0012537,0.00059382
1.6,-0.51929,0.8546,-0.9,-0.002047,-0.001216,0.00059524
1.62,-0.50209,0.86481,-0.905,-0.0020758,-0.0011776,0.00059666
1.64,-0.4847,0.87468,-0.91,-0.002104,-0.0011386,0.00059809
1.66,-0.46711,0.8842,-0.915,-0.0021314,-0.0010989,0.00059952
1.68,-0.44933,0.89336,-0.92,-0.0021582,-0.0010586,0.00060096
1.7,-0.43138,0.90217,-0.925,-0.0021842,-0.0010177,0.00060241
1.72,-0.41325,0.91062,-0.93,-0.0022094,-0.00097612,0.00060386
1.74,-0.39495,0.9187,-0.935,-0.0022339,-0.000934,0.00060533
1.76,-0.3765,0.92642,-0.94,-0.0022576,-0.0008913,0.0006068
1.78,-0.3579,0.93376,-0.945,-0.0022805,-0.00084803,0.00060827
1.8,-0.33915,0.94073,-0.95,-0.0023026,-0.00080421,0.00060976
1.82,-0.32027,0.94733,-0.955,-0.0023239,-0.00075985,0.00061125
1.84,-0.30126,0.95354,-0.96,-0.0023443,-0.00071497,0.00061275
1.86,-0.28213,0.95937,-0.965,-0.002364,-0.00066959,0.00061425
1.88,-0.26289,0.96483,-0.97,-0.0023827,-0.00062371,0.00061576
1.9,-0.24354,0.96989,-0.975,-0.0024006,-0.00057736,0.00061728
1.92,-0.2241,0.97457,-0.98,-0.0024177,-0.00053054,0.00061881
1.94,-0.20456,0.97885,-0.985,-0.0024338,-0.00048328,0.00062035
1.96,-0.18495,0.98275,-0.99,-0.0024491,-0.00043559,0.00062189
1.98,-0.16526,0.98625,-0.995,-0.0024634,-0.00038749,0.00062344
2,-0.1455,0.98936,-1,-0.0024769,-0.00033899,0.000625
2.02,-0.12569,0.99207,-1.005,-0.0024894,-0.00029012,0.00062657
2.04,-0.10582,0.99439,-1.01,-0.0025009,-0.00024088,0.00062814
2.06,-0.085912,0.9963,-1.015,-0.0025116,-0.00019129,0.00062972
2.08,-0.06597,0.99782,-1.02,-0.0025212,-0.00014138,0.00063131
2.1,-0.046002,0.99894,-1.025,-0.00253,-9.1165e-05,0.00063291
2.12,-0.026015,0.99966,-1.03,-0.0025377,-4.0653e-05,0.00063452
2.14,-0.0060183,0.99998,-1.035,-0.0025445,1.0131e-05,0.00063613
2.16,0.013981,0.9999,-1.04,-0.0025502,6.1171e-05,0.00063776
2.18,0.033975,0.99942,-1.045,-0.002555,0.00011245,0.00063939
2.2,0.053955,0.99854,-1.05,-0.0025588,0.00016394,0.00064103
2.22,0.073914,0.99726,-1.055,-0.0025616,0.00021563,0.00064267
2.24,0.093843,0.99559,-1.06,-0.0025634,0.00026751,0.00064433
2.26,0.11373,0.99351,-1.065,-0.0025641,0.00031954,0.00064599
2.28,0.13358,0.99104,-1.07,-0.0025638,0.00037172,0.00064767
2.3,0.15337,0.98817,-1.075,-0.0025625,0.00042401,0.00064935
2.32,0.17311,0.9849,-1.08,-0.0025602,0.00047641,0.00065104
2.34,0.19277,0.98124,-1.085,-0.0025568,0.00052889,0.00065274
2.36,0.21235,0.97719,-1.09,-0.0025524,0.00058144,0.00065445
2.38,0.23185,0.97275,-1.095,-0.0025469,0.00063403,0.00065617
2.4,0.25126,0.96792,-1.1,-0.0025404,0.00068664,0.00065789
2.42,0.27057,0.9627,-1.105,-0.0025328,0.00073925,0.00065963
2.44,0.28977,0.9571,-1.11,-0.0025242,0.00079184,0.00066138
2.46,0.30885,0.95111,-1.115,-0.0025145,0.0008444,0.00066313
2.48,0.32781,0.94474,-1.12,-0.0025037,0.0008969,0.00066489
2.5,0.34664,0.938,-1.125,-0.0024919,0.00094931,0.00066667
2.52,0.36532,0.93088,-1.13,-0.0024791,0.0010016,0.00066845
2.54,0.38387,0.92339,-1.135,-0.0024651,0.0010538,0.00067024
2.56,0.40226,0.91553,-1.14,-0.0024501,0.0011059,0.00067204
2.58,0.42049,0.9073,-1.145,-0.0024341,0.0011578,0.00067385
2.6,0.43855,0.89871,-1.15,-0.0024169,0.0012095,0.00067568
2.62,0.45643,0.88976,-1.155,-0.0023987,0.001261,0.00067751
2.64,0.47414,0.88045,-1.16,-0.0023795,0.0013122,0.00067935
2.66,0.49165,0.87079,-1.165,-0.0023592,0.0013633,0.0006812
2.68,0.50896,0.86079,-1.17,-0.0023378,0.001414,0.00068306
2.7,0.52608,0.85044,-1.175,-0.0023154,0.0014645,0.00068493
2.72,0.54298,0.83975,-1.18,-0.0022919,0.0015147,0.00068681
2.74,0.55967,0.82872,-1.185,-0.0022674,0.0015645,0.00068871
2.76,0.57613,0.81736,-1.19,-0.0022418,0.001614,0.00069061
2.78,0.59236,0.80568,-1.195,-0.0022152,0.0016631,0.00069252
2.8,0.60835,0.79367,-1.2,-0.0021876,0.0017118,0.00069444
2.82,0.6241,0.78134,-1.205,-0.0021589,0.0017601,0.00069638
2.84,0.6396,0.76871,-1.21,-0.0021292,0.001808,0.00069832
2.86,0.65485,0.75576,-1.215,-0.0020985,0.0018554,0.00070028
2.88,0.66983,0.74251,-1.22,-0.0020668,0.0019023,0.00070225
2.9,0.68455,0.72897,-1.225,-0.002034,0.0019487,0.00070423
2.92,0.69899,0.71513,-1.23,-0.0020003,0.0019946,0.00070621
2.94,0.71315,0.70101,-1.235,-0.0019655,0.00204,0.00070822
2.96,0.72703,0.68661,-1.24,-0.0019298,0.0020848,0.00071023
2.98,0.74061,0.67193,-1.245,-0.0018931,0.002129,0.00071225
3,0.7539,0.65699,-1.25,-0.0018554,0.0021726,0.00071429
3.02,0.76689,0.64178,-1.255,-0.0018168,0.0022156,0.00071633
3.04,0.77957,0.62631,-1.26,-0.0017772,0.002258,0.00071839
3.06,0.79194,0.6106,-1.265,-0.0017367,0.0022997,0.00072046
3.08,0.80399,0.59464,-1.27,-0.0016953,0.0023407,0.00072254
3.1,0.81573,0.57844,-1.275,-0.0016529,0.002381,0.00072464
3.12,0.82713,0.56201,-1.28,-0.0016096,0.0024206,0.00072674
3.14,0.8382,0.54536,-1.285,-0.0015654,0.0024595,0.00072886
3.16,0.84894,0.52848,-1.29,-0.0015204,0.0024976,0.00073099
3.18,0.85934,0.5114,-1.295,-0.0014744,0.0025349,0.00073314
3.2,0.8694,0.49411,-1.3,-0.0014276,0.0025714,0.00073529
3.22,0.87911,0.47663,-1.305,-0.00138,0.0026071,0.00073746
3.24,0.88846,0.45895,-1.31,-0.0013315,0.002642,0.00073964
3.26,0.89746,0.44109,-1.315,-0.0012822,0.002676,0.00074184
3.28,0.9061,0.42306,-1.32,-0.001232,0.0027091,0.00074405
3.3,0.91438,0.40485,-1.325,-0.0011811,0.0027414,0.00074627
3.32,0.9223,0.38648,-1.33,-0.0011294,0.0027728,0.0007485
3.34,0.92984,0.36796,-1.335,-0.001077,0.0028032,0.00075075
3.36,0.93701,0.34929,-1.34,-0.0010238,0.0028327,0.00075301
3.38,0.94381,0.33048,-1.345,-0.00096986,0.0028612,0.00075529
3.4,0.95023,0.31154,-1.35,-0.00091521,0.0028887,0.00075758
3.42,0.95627,0.29248,-1.355,-0.00085986,0.0029153,0.00075988
3.44,0.96193,0.27329,-1.36,-0.00080383,0.0029409,0.0007622
3.46,0.9672,0.254,-1.365,-0.00074713,0.0029654,0.00076453
3.48,0.97209,0.23461,-1.37,-0.00068979,0.0029889,0.00076687
3.5,0.97659,0.21512,-1.375,-0.00063182,0.0030113,0.00076923
3.52,0.98069,0.19555,-1.38,-0.00057323,0.0030327,0.0007716
3.54,0.98441,0.17589,-1.385,-0.00051405,0.0030529,0.00077399
3.56,0.98773,0.15617,-1.39,-0.0004543,0.0030721,0.0007764
3.58,0.99066,0.13639,-1.395,-0.000394,0.0030902,0.00077882
3.6,0.99318,0.11655,-1.4,-0.00033316,0.0031071,0.00078125
3.62,0.99532,0.096664,-1.405,-0.0002718,0.0031229,0.0007837
3.64,0.99705,0.076739,-1.41,-0.00020995,0.0031376,0.00078616
3.66,0.99839,0.056784,-1.415,-0.00014762,0.0031511,0.00078864
3.68,0.99932,0.036806,-1.42,-8.4845e-05,0.0031634,0.00079114
3.7,0.99986,0.016814,-1.425,-2.1633e-05,0.0031745,0.00079365
3.72,0.99999,-0.0031853,-1.43,4.199e-05,0.0031844,0.00079618
3.74,0.99973,-0.023183,-1.435,0.000106,0.0031931,0.00079872
3.76,0.99907,-0.043172,-1.44,0.00017038,0.0032005,0.00080128
3.78,0.998,-0.063143,-1.445,0.00023511,0.0032068,0.00080386
3.8,0.99654,-0.083089,-1.45,0.00030016,0.0032118,0.00080645
3.82,0.99468,-0.103,-1.455,0.00036551,0.0032155,0.00080906
3.84,0.99242,-0.12287,-1.46,0.00043114,0.0032179,0.00081169
3.86,0.98977,-0.1427,-1.465,0.00049702,0.0032191,0.00081433
3.88,0.98671,-0.16246,-1.47,0.00056313,0.003219,0.00081699
3.9,0.98327,-0.18216,-1.475,0.00062945,0.0032176,0.00081967
3.92,0.97943,-0.20179,-1.48,0.00069596,0.003215,0.00082237
3.94,0.9752,-0.22134,-1.485,0.00076262,0.003211,0.00082508
3.96,0.97058,-0.2408,-1.49,0.00082942,0.0032056,0.00082781
3.98,0.96557,-0.26016,-1.495,0.00089633,0.003199,0.00083056
4,0.96017,-0.27942,-1.5,0.00096333,0.003191,0.00083333
4.02,0.95439,-0.29856,-1.505,0.0010304,0.0031817,0.00083612
4.04,0.94823,-0.31759,-1.51,0.0010975,0.0031711,0.00083893
4.06,0.94169,-0.33649,-1.515,0.0011646,0.0031591,0.00084175
4.08,0.93477,-0.35525,-1.52,0.0012317,0.0031458,0.00084459
4.1,0.92748,-0.37388,-1.525,0.0012987,0.0031311,0.00084746
4.12,0.91982,-0.39235,-1.53,0.0013657,0.0031151,0.00085034
4.14,0.91179,-0.41067,-1.535,0.0014326,0.0030977,0.00085324
4.16,0.90339,-0.42882,-1.54,0.0014994,0.0030789,0.00085616
4.18,0.89463,-0.4468,-1.545,0.001566,0.0030588,0.00085911
4.2,0.88552,-0.4646,-1.55,0.0016325,0.0030373,0.00086207
4.22,0.87605,-0.48222,-1.555,0.0016988,0.0030144,0.00086505
4.24,0.86623,-0.49964,-1.56,0.0017648,0.0029902,0.00086806
4.26,0.85607,-0.51687,-1.565,0.0018306,0.0029646,0.00087108
4.28,0.84556,-0.53388,-1.57,0.0018962,0.0029376,0.00087413
4.3,0.83471,-0.55069,-1.575,0.0019614,0.0029093,0.00087719
4.32,0.82353,-0.56727,-1.58,0.0020263,0.0028796,0.00088028
4.34,0.81202,-0.58362,-1.585,0.0020908,0.0028485,0.00088339
4.36,0.80019,-0.59975,-1.59,0.002155,0.0028161,0.00088652
4.38,0.78804,-0.61563,-1.595,0.0022188,0.0027823,0.00088968
4.4,0.77557,-0.63127,-1.6,0.0022821,0.0027471,0.00089286
4.42,0.76279,-0.64665,-1.605,0.0023449,0.0027106,0.00089606
4.44,0.7497,-0.66178,-1.61,0.0024073,0.0026728,0.00089928
4.46,0.73632,-0.67664,-1.615,0.0024692,0.0026336,0.00090253
4.48,0.72264,-0.69123,-1.62,0.0025305,0.002593,0.0009058
4.5,0.70867,-0.70554,-1.625,0.0025912,0.0025512,0.00090909
4.52,0.69442,-0.71957,-1.63,0.0026513,0.0025079,0.00091241
4.54,0.67989,-0.73332,-1.635,0.0027109,0.0024634,0.00091575
4.56,0.66509,-0.74677,-1.64,0.0027697,0.0024176,0.00091912
4.58,0.65002,-0.75992,-1.645,0.0028279,0.0023704,0.00092251
4.6,0.63469,-0.77276,-1.65,0.0028854,0.0023219,0.00092593
4.62,0.61911,-0.7853,-1.655,0.0029422,0.0022722,0.00092937
4.64,0.60328,-0.79753,-1.66,0.0029982,0.0022211,0.00093284
4.66,0.58721,-0.80943,-1.665,0.0030534,0.0021688,0.00093633
4.68,0.57091,-0.82101,-1.67,0.0031078,0.0021153,0.00093985
4.7,0.55437,-0.83227,-1.675,0.0031613,0.0020604,0.0009434
4.72,0.53762,-0.84319,-1.68,0.003214,0.0020044,0.00094697
4.74,0.52065,-0.85377,-1.685,0.0032659,0.0019471,0.00095057
4.76,0.50347,-0.86401,-1.69,0.0033168,0.0018885,0.0009542
4.78,0.48609,-0.87391,-1.695,0.0033667,0.0018288,0.00095785
4.8,0.46852,-0.88345,-1.7,0.0034157,0.0017679,0.00096154
4.82,0.45076,-0.89265,-1.705,0.0034637,0.0017058,0.00096525
4.84,0.43281,-0.90148,-1.71,0.0035107,0.0016425,0.00096899
4.86,0.4147,-0.90996,-1.715,0.0035566,0.0015781,0.00097276
4.88,0.39642,-0.91807,-1.72,0.0036015,0.0015125,0.00097656
4.9,0.37798,-0.92581,-1.725,0.0036452,0.0014459,0.00098039
4.92,0.35939,-0.93319,-1.73,0.0036879,0.0013781,0.00098425
4.94,0.34065,-0.94019,-1.735,0.0037294,0.0013092,0.00098814
4.96,0.32178,-0.94681,-1.74,0.0037697,0.0012393,0.00099206
4.98,0.30278,-0.95306,-1.745,0.0038089,0.0011683,0.00099602
5,0.28366,-0.95892,-1.75,0.0038468,0.0010962,0.001
5.02,0.26443,-0.96441,-1.755,0.0038835,0.0010232,0.001004
5.04,0.24509,-0.9695,-1.76,0.0039189,0.0009491,0.0010081
5.06,0.22565,-0.97421,-1.765,0.003953,0.00087406,0.0010121
5.08,0.20612,-0.97853,-1.77,0.0039859,0.00079807,0.0010163
5.1,0.18651,-0.98245,-1.775,0.0040174,0.00072113,0.0010204
5.12,0.16683,-0.98599,-1.78,0.0040475,0.00064327,0.0010246
5.14,0.14708,-0.98913,-1.785,0.0040763,0.00056451,0.0010288
5.16,0.12726,-0.99187,-1.79,0.0041036,0.00048487,0.0010331
5.18,0.1074,-0.99422,-1.795,0.0041296,0.00040438,0.0010373
5.2,0.087499,-0.99616,-1.8,0.0041541,0.00032305,0.0010417
5.22,0.06756,-0.99772,-1.805,0.0041771,0.00024091,0.001046
5.24,0.047593,-0.99887,-1.81,0.0041986,0.00015799,0.0010504
5.26,0.027608,-0.99962,-1.815,0.0042187,7.4303e-05,0.0010549
5.28,0.0076109,-0.99997,-1.82,0.0042372,-1.0123e-05,0.0010593
5.3,-0.012389,-0.99992,-1.825,0.0042542,-9.5263e-05,0.0010638
5.32,-0.032383,-0.99948,-1.83,0.0042696,-0.00018109,0.0010684
5.34,-0.052365,-0.99863,-1.835,0.0042834,-0.00026759,0.001073
5.36,-0.072326,-0.99738,-1.84,0.0042957,-0.00035472,0.0010776
5.38,-0.092258,-0.99574,-1.845,0.0043063,-0.00044246,0.0010823
5.4,-0.11215,-0.99369,-1.85,0.0043152,-0.00053079,0.001087
5.42,-0.132,-0.99125,-1.855,0.0043225,-0.00061968,0.0010917
5.44,-0.1518,-0.98841,-1.86,0.0043282,-0.00070909,0.0010965
5.46,-0.17154,-0.98518,-1.865,0.0043321,-0.00079902,0.0011013
5.48,-0.1912,-0.98155,-1.87,0.0043344,-0.00088941,0.0011062
5.5,-0.2108,-0.97753,-1.875,0.0043349,-0.00098025,0.0011111
5.52,-0.2303,-0.97312,-1.88,0.0043337,-0.0010715,0.0011161
5.54,-0.24972,-0.96832,-1.885,0.0043307,-0.0011632,0.0011211
5.56,-0.26903,-0.96313,-1.89,0.004326,-0.0012552,0.0011261
5.58,-0.28824,-0.95756,-1.895,0.0043195,-0.0013475,0.0011312
5.6,-0.30733,-0.9516,-1.9,0.0043112,-0.0014401,0.0011364
5.62,-0.3263,-0.94527,-1.905,0.0043011,-0.001533,0.0011416
5.64,-0.34514,-0.93855,-1.91,0.0042892,-0.0016262,0.0011468
5.66,-0.36384,-0.93146,-1.915,0.0042754,-0.0017195,0.0011521
5.68,-0.3824,-0.924,-1.92,0.0042598,-0.001813,0.0011574
5.7,-0.4008,-0.91617,-1.925,0.0042423,-0.0019067,0.0011628
5.72,-0.41904,-0.90797,-1.93,0.004223,-0.0020004,0.0011682
5.74,-0.43712,-0.89941,-1.935,0.0042018,-0.0020943,0.0011737
5.76,-0.45501,-0.89048,-1.94,0.0041787,-0.0021882,0.0011792
5.78,-0.47273,-0.88121,-1.945,0.0041536,-0.0022821,0.0011848
5.8,-0.49026,-0.87158,-1.95,0.0041267,-0.0023759,0.0011905
5.82,-0.50759,-0.8616,-1.955,0.0040979,-0.0024697,0.0011962
5.84,-0.52472,-0.85127,-1.96,0.0040672,-0.0025635,0.0012019
5.86,-0.54164,-0.84061,-1.965,0.0040345,-0.0026571,0.0012077
5.88,-0.55834,-0.82961,-1.97,0.0039999,-0.0027505,0.0012136
5.9,-0.57482,-0.81828,-1.975,0.0039633,-0.0028437,0.0012195
5.92,-0.59107,-0.80662,-1.98,0.0039248,-0.0029368,0.0012255
5.94,-0.60709,-0.79464,-1.985,0.0038843,-0.0030295,0.0012315
5.96,-0.62286,-0.78234,-1.99,0.0038419,-0.003122,0.0012376
5.98,-0.63838,-0.76972,-1.995,0.0037975,-0.0032141,0.0012438
6,-0.65364,-0.7568,-2,0.0037511,-0.0033058,0.00125
6.02,-0.66865,-0.74358,-2.005,0.0037027,-0.0033972,0.0012563
6.04,-0.68338,-0.73006,-2.01,0.0036524,-0.0034881,0.0012626
6.06,-0.69785,-0.71625,-2.015,0.0036001,-0.0035785,0.001269
6.08,-0.71203,-0.70215,-2.02,0.0035458,-0.0036684,0.0012755
6.1,-0.72593,-0.68777,-2.025,0.0034895,-0.0037578,0.0012821
6.12,-0.73954,-0.67311,-2.03,0.0034313,-0.0038465,0.0012887
6.14,-0.75285,-0.65819,-2.035,0.0033711,-0.0039346,0.0012953
6.16,-0.76587,-0.643,-2.04,0.0033088,-0.0040221,0.0013021
6.18,-0.77857,-0.62755,-2.045,0.0032446,-0.0041089,0.0013089
6.2,-0.79097,-0.61186,-2.05,0.0031785,-0.0041949,0.0013158
6.22,-0.80305,-0.59592,-2.055,0.0031103,-0.0042802,0.0013228
6.24,-0.8148,-0.57974,-2.06,0.0030402,-0.0043646,0.0013298
6.26,-0.82623,-0.56333,-2.065,0.0029681,-0.0044482,0.0013369
6.28,-0.83733,-0.54669,-2.07,0.002894,-0.0045309,0.0013441
6.3,-0.8481,-0.52984,-2.075,0.0028179,-0.0046127,0.0013514
6.32,-0.85853,-0.51277,-2.08,0.0027399,-0.0046935,0.0013587
6.34,-0.86861,-0.4955,-2.085,0.00266,-0.0047733,0.0013661
6.36,-0.87835,-0.47803,-2.09,0.0025781,-0.004852,0.0013736
6.38,-0.88773,-0.46037,-2.095,0.0024942,-0.0049297,0.0013812
6.4,-0.89676,-0.44252,-2.1,0.0024085,-0.0050062,0.0013889
6.42,-0.90543,-0.4245,-2.105,0.0023208,-0.0050816,0.0013966
6.44,-0.91374,-0.40631,-2.11,0.0022311,-0.0051558,0.0014045
6.46,-0.92168,-0.38795,-2.115,0.0021396,-0.0052288,0.0014124
6.48,-0.92925,-0.36944,-2.12,0.0020462,-0.0053005,0.0014205
6.5,-0.93646,-0.35078,-2.125,0.0019508,-0.0053709,0.0014286
6.52,-0.94328,-0.33199,-2.13,0.0018536,-0.0054399,0.0014368
6.54,-0.94974,-0.31305,-2.135,0.0017545,-0.0055075,0.0014451
6.56,-0.95581,-0.294,-2.14,0.0016536,-0.0055737,0.0014535
6.58,-0.96149,-0.27482,-2.145,0.0015508,-0.0056385,0.001462
6.6,-0.9668,-0.25554,-2.15,0.0014462,-0.0057017,0.0014706
6.62,-0.97172,-0.23616,-2.155,0.0013398,-0.0057634,0.0014793
6.64,-0.97624,-0.21668,-2.16,0.0012315,-0.0058235,0.0014881
6.66,-0.98038,-0.19711,-2.165,0.0011215,-0.005882,0.001497
6.68,-0.98413,-0.17746,-2.17,0.0010097,-0.0059388,0.001506
6.7,-0.98748,-0.15775,-2.175,0.00089613,-0.0059939,0.0015152
6.72,-0.99044,-0.13797,-2.18,0.00078081,-0.0060473,0.0015244
6.74,-0.993,-0.11813,-2.185,0.00066376,-0.0060989,0.0015337
6.76,-0.99516,-0.098249,-2.19,0.000545,-0.0061486,0.0015432
6.78,-0.99693,-0.078327,-2.195,0.00042455,-0.0061965,0.0015528
6.8,-0.99829,-0.058374,-2.2,0.00030242,-0.0062426,0.0015625
6.82,-0.99926,-0.038398,-2.205,0.00017864,-0.0062867,0.0015723
6.84,-0.99983,-0.018406,-2.21,5.321e-05,-0.0063288,0.0015823
6.86,-1,0.0015927,-2.215,-7.3836e-05,-0.0063689,0.0015924
6.88,-0.99977,0.021591,-2.22,-0.00020248,-0.006407,0.0016026
6.9,-0.99914,0.041581,-2.225,-0.0003327,-0.0064429,0.0016129
6.92,-0.9981,0.061554,-2.23,-0.00046448,-0.0064768,0.0016234
6.94,-0.99667,0.081502,-2.235,-0.0005978,-0.0065084,0.001634
6.96,-0.99484,0.10142,-2.24,-0.00073263,-0.0065379,0.0016447
6.98,-0.99262,0.12129,-2.245,-0.00086895,-0.0065652,0.0016556
7,-0.98999,0.14112,-2.25,-0.0010067,-0.0065901,0.0016667
7.02,-0.98697,0.16089,-2.255,-0.001146,-0.0066127,0.0016779
7.04,-0.98356,0.1806,-2.26,-0.0012866,-0.006633,0.0016892
7.06,-0.97975,0.20023,-2.265,-0.0014287,-0.0066509,0.0017007
7.08,-0.97555,0.21978,-2.27,-0.0015721,-0.0066663,0.0017123
7.1,-0.97096,0.23925,-2.275,-0.0017168,-0.0066793,0.0017241
7.12,-0.96598,0.25862,-2.28,-0.0018629,-0.0066898,0.0017361
7.14,-0.96061,0.27789,-2.285,-0.0020103,-0.0066977,0.0017483
7.16,-0.95486,0.29704,-2.29,-0.0021589,-0.006703,0.0017606
7.18,-0.94873,0.31608,-2.295,-0.0023088,-0.0067057,0.001773
7.2,-0.94222,0.33499,-2.3,-0.0024599,-0.0067058,0.0017857
7.22,-0.93533,0.35376,-2.305,-0.0026122,-0.0067031,0.0017986
7.24,-0.92807,0.3724,-2.31,-0.0027656,-0.0066977,0.0018116
7.26,-0.92044,0.39088,-2.315,-0.0029202,-0.0066896,0.0018248
7.28,-0.91244,0.40921,-2.32,-0.0030758,-0.0066786,0.0018382
7.3,-0.90407,0.42738,-2.325,-0.0032325,-0.0066647,0.0018519
7.32,-0.89534,0.44537,-2.33,-0.0033903,-0.006648,0.0018657
7.34,-0.88626,0.46319,-2.335,-0.003549,-0.0066283,0.0018797
7.36,-0.87682,0.48082,-2.34,-0.0037088,-0.0066057,0.0018939
7.38,-0.86703,0.49826,-2.345,-0.0038695,-0.00658,0.0019084
7.4,-0.85689,0.5155,-2.35,-0.004031,-0.0065514,0.0019231
7.42,-0.84641,0.53253,-2.355,-0.0041935,-0.0065196,0.001938
7.44,-0.83559,0.54936,-2.36,-0.0043568,-0.0064847,0.0019531
7.46,-0.82444,0.56596,-2.365,-0.004521,-0.0064466,0.0019685
7.48,-0.81295,0.58233,-2.37,-0.0046859,-0.0064054,0.0019841
7.5,-0.80114,0.59847,-2.375,-0.0048515,-0.0063608,0.002
7.52,-0.78901,0.61437,-2.38,-0.0050179,-0.0063131,0.0020161
7.54,-0.77657,0.63003,-2.385,-0.005185,-0.0062619,0.0020325
7.56,-0.76382,0.64543,-2.39,-0.0053527,-0.0062075,0.0020492
7.58,-0.75075,0.66058,-2.395,-0.005521,-0.0061496,0.0020661
7.6,-0.73739,0.67546,-2.4,-0.0056899,-0.0060883,0.0020833
7.62,-0.72374,0.69007,-2.405,-0.0058594,-0.0060234,0.0021008
7.64,-0.70979,0.70441,-2.41,-0.0060293,-0.0059551,0.0021186
7.66,-0.69556,0.71846,-2.415,-0.0061998,-0.0058832,0.0021368
7.68,-0.68106,0.73223,-2.42,-0.0063706,-0.0058077,0.0021552
7.7,-0.66628,0.74571,-2.425,-0.0065419,-0.0057285,0.0021739
7.72,-0.65123,0.75888,-2.43,-0.0067135,-0.0056456,0.002193
7.74,-0.63592,0.77175,-2.435,-0.0068855,-0.005559,0.0022124
7.76,-0.62036,0.78432,-2.44,-0.0070577,-0.0054685,0.0022321
7.78,-0.60455,0.79657,-2.445,-0.0072302,-0.0053743,0.0022523
7.8,-0.5885,0.8085,-2.45,-0.007403,-0.0052762,0.0022727
7.82,-0.57221,0.8201,-2.455,-0.0075759,-0.0051741,0.0022936
7.84,-0.5557,0.83138,-2.46,-0.0077489,-0.005068,0.0023148
7.86,-0.53896,0.84233,-2.465,-0.0079221,-0.004958,0.0023364
7.88,-0.52201,0.85294,-2.47,-0.0080953,-0.0048438,0.0023585
7.9,-0.50485,0.86321,-2.475,-0.0082686,-0.0047255,0.002381
7.92,-0.48748,0.87313,-2.48,-0.0084418,-0.0046031,0.0024038
7.94,-0.46992,0.88271,-2.485,-0.008615,-0.0044764,0.0024272
7.96,-0.45218,0.89193,-2.49,-0.0087881,-0.0043454,0.002451
7.98,-0.43425,0.90079,-2.495,-0.0089611,-0.00421,0.0024752
8,-0.41615,0.9093,-2.5,-0.009134,-0.0040703,0.0025
8.02,-0.39788,0.91744,-2.505,-0.0093066,-0.003926,0.0025253
8.04,-0.37945,0.92521,-2.51,-0.009479,-0.0037773,0.002551
8.06,-0.36087,0.93262,-2.515,-0.0096511,-0.0036239,0.0025773
8.08,-0.34215,0.93965,-2.52,-0.009823,-0.0034659,0.0026042
8.1,-0.32329,0.9463,-2.525,-0.0099944,-0.0033032,0.0026316
8.12,-0.3043,0.95258,-2.53,-0.010165,-0.0031357,0.0026596
8.14,-0.28519,0.95847,-2.535,-0.010336,-0.0029633,0.0026882
8.16,-0.26596,0.96398,-2.54,-0.010506,-0.0027859,0.0027174
8.18,-0.24663,0.96911,-2.545,-0.010676,-0.0026036,0.0027473
8.2,-0.2272,0.97385,-2.55,-0.010845,-0.0024161,0.0027778
8.22,-0.20768,0.9782,-2.555,-0.011014,-0.0022234,0.002809
8.24,-0.18808,0.98215,-2.56,-0.011181,-0.0020255,0.0028409
8.26,-0.1684,0.98572,-2.565,-0.011349,-0.0018222,0.0028736
8.28,-0.14865,0.98889,-2.57,-0.011515,-0.0016134,0.002907
8.3,-0.12884,0.99166,-2.575,-0.011681,-0.0013991,0.0029412
8.32,-0.10899,0.99404,-2.58,-0.011846,-0.001179,0.0029762
8.34,-0.089085,0.99602,-2.585,-0.01201,-0.00095325,0.003012
8.36,-0.069148,0.99761,-2.59,-0.012174,-0.00072156,0.0030488
8.38,-0.049184,0.99879,-2.595,-0.012336,-0.00048386,0.0030864
8.4,-0.0292,0.99957,-2.6,-0.012497,-0.00024003,0.003125
8.42,-0.0092035,0.99996,-2.605,-0.012658,1.008e-05,0.0031646
8.44,0.010796,0.99994,-2.61,-0.012818,0.0002666,0.0032051
8.46,0.030791,0.99953,-2.615,-0.012976,0.00052967,0.0032468
8.48,0.050774,0.99871,-2.62,-0.013133,0.00079945,0.0032895
8.5,0.070737,0.99749,-2.625,-0.01329,0.0010761,0.0033333
8.52,0.090672,0.99588,-2.63,-0.013445,0.0013598,0.0033784
8.54,0.11057,0.99387,-2.635,-0.013599,0.0016507,0.0034247
8.56,0.13042,0.99146,-2.64,-0.013751,0.001949,0.0034722
8.58,0.15023,0.98865,-2.645,-0.013903,0.002255,0.0035211
8.6,0.16997,0.98545,-2.65,-0.014053,0.0025687,0.0035714
8.62,0.18964,0.98185,-2.655,-0.014201,0.0028905,0.0036232
8.64,0.20924,0.97786,-2.66,-0.014349,0.0032206,0.0036765
8.66,0.22875,0.97348,-2.665,-0.014495,0.0035593,0.0037313
8.68,0.24818,0.96872,-2.67,-0.014639,0.0039068,0.0037879
8.7,0.2675,0.96356,-2.675,-0.014782,0.0042633,0.0038462
8.72,0.28672,0.95802,-2.68,-0.014923,0.0046293,0.0039062
8.74,0.30582,0.95209,-2.685,-0.015063,0.005005,0.0039683
8.76,0.3248,0.94578,-2.69,-0.015201,0.0053908,0.0040323
8.78,0.34365,0.9391,-2.695,-0.015338,0.0057871,0.0040984
8.8,0.36236,0.93204,-2.7,-0.015473,0.0061942,0.0041667
8.82,0.38092,0.92461,-2.705,-0.015606,0.0066126,0.0042373
8.84,0.39934,0.9168,-2.71,-0.015737,0.0070428,0.0043103
8.86,0.41759,0.90863,-2.715,-0.015867,0.0074851,0.004386
8.88,0.43568,0.9001,-2.72,-0.015994,0.0079403,0.0044643
8.9,0.4536,0.89121,-2.725,-0.01612,0.0084087,0.0045455
8.92,0.47133,0.88196,-2.73,-0.016244,0.008891,0.0046296
8.94,0.48887,0.87236,-2.735,-0.016366,0.009388,0.004717
8.96,0.50622,0.8624,-2.74,-0.016486,0.0099002,0.0048077
8.98,0.52337,0.85211,-2.745,-0.016604,0.010428,0.004902
9,0.5403,0.84147,-2.75,-0.01672,0.010974,0.005
9.02,0.55702,0.8305,-2.755,-0.016834,0.011537,0.005102
9.04,0.57352,0.81919,-2.76,-0.016946,0.012118,0.0052083
9.06,0.58979,0.80756,-2.765,-0.017055,0.01272,0.0053191
9.08,0.60582,0.7956,-2.77,-0.017163,0.013342,0.0054348
9.1,0.62161,0.78333,-2.775,-0.017268,0.013987,0.0055556
9.12,0.63715,0.77074,-2.78,-0.017371,0.014655,0.0056818
9.14,0.65244,0.75784,-2.785,-0.017471,0.015348,0.005814
9.16,0.66746,0.74464,-2.79,-0.01757,0.016068,0.0059524
9.18,0.68222,0.73115,-2.795,-0.017665,0.016817,0.0060976
9.2,0.69671,0.71736,-2.8,-0.017759,0.017596,0.00625
9.22,0.71091,0.70328,-2.805,-0.017849,0.018408,0.0064103
9.24,0.72484,0.68892,-2.81,-0.017938,0.019255,0.0065789
9.26,0.73847,0.67429,-2.815,-0.018023,0.02014,0.0067568
9.28,0.75181,0.65938,-2.82,-0.018106,0.021065,0.0069444
9.3,0.76484,0.64422,-2.825,-0.018186,0.022035,0.0071429
9.32,0.77757,0.62879,-2.83,-0.018264,0.023053,0.0073529
9.34,0.78999,0.61312,-2.835,-0.018339,0.024123,0.0075758
9.36,0.8021,0.5972,-2.84,-0.01841,0.02525,0.0078125
9.38,0.81388,0.58104,-2.845,-0.018479,0.02644,0.0080645
9.4,0.82534,0.56464,-2.85,-0.018545,0.027698,0.0083333
9.42,0.83646,0.54802,-2.855,-0.018608,0.029031,0.0086207
9.44,0.84726,0.53119,-2.86,-0.018667,0.030447,0.0089286
9.46,0.85771,0.51414,-2.865,-0.018723,0.031955,0.0092593
9.48,0.86782,0.49688,-2.87,-0.018776,0.033567,0.0096154
9.5,0.87758,0.47943,-2.875,-0.018825,0.035293,0.01
9.52,0.88699,0.46178,-2.88,-0.01887,0.037148,0.010417
9.54,0.89605,0.44395,-2.885,-0.018911,0.039149,0.01087
9.56,0.90475,0.42594,-2.89,-0.018948,0.041316,0.011364
9.58,0.91309,0.40776,-2.895,-0.018981,0.043672,0.011905
9.6,0.92106,0.38942,-2.9,-0.019009,0.046245,0.0125
9.62,0.92866,0.37092,-2.905,-0.019032,0.049069,0.013158
9.64,0.9359,0.35227,-2.91,-0.01905,0.052187,0.013889
9.66,0.94275,0.33349,-2.915,-0.019061,0.055649,0.014706
9.68,0.94924,0.31457,-2.92,-0.019066,0.05952,0.015625
9.7,0.95534,0.29552,-2.925,-0.019063,0.063882,0.016667
9.72,0.96106,0.27636,-2.93,-0.019052,0.06884,0.017857
9.74,0.96639,0.25708,-2.935,-0.019031,0.07453,0.019231
9.76,0.97134,0.2377,-2.94,-0.018998,0.081138,0.020833
9.78,0.9759,0.21823,-2.945,-0.018951,0.08891,0.022727
9.8,0.98007,0.19867,-2.95,-0.018886,0.098199,0.025
9.82,0.98384,0.17903,-2.955,-0.018798,0.10951,0.027778
9.84,0.98723,0.15932,-2.96,-0.018679,0.12359,0.03125
9.86,0.99022,0.13954,-2.965,-0.018519,0.14165,0.035714
9.88,0.99281,0.11971,-2.97,-0.018296,0.16566,0.041667
9.9,0.995,0.099833,-2.975,-0.017975,0.19919,0.05
9.92,0.9968,0.079915,-2.98,-0.017485,0.24938,0.0625
9.94,0.9982,0.059964,-2.985,-0.016659,0.33291,0.083333
9.96,0.9992,0.039989,-2.99,-0.014998,0.49977,0.125
9.98,0.9998,0.019999,-2.995,-0.0099997,0.99993,0.25
10,1,0,-3,Inf,NaN,-Inf
